name: microbiome
channels:
  - bioconda
  - defaults
  - conda-forge
dependencies:
  - blast=2.16.0=hb260f6e_5
  - bzip2=1.0.8=h80987f9_6
  - c-ares=1.34.6=hc919400_0
  - ca-certificates=2026.4.22=hbd8a1cb_0
  - curl=8.19.0=hd5a2499_0
  - entrez-direct=22.4=hd5f1084_0
  - gawk=5.4.0=hcc05c04_0
  - gettext=0.21.0=hbdbcc25_2
  - gmp=6.3.0=h7bae524_2
  - icu=73.1=h313beb8_0
  - krb5=1.22.2=h385eeb1_0
  - libasprintf=0.25.1=h493aca8_0
  - libcurl=8.19.0=hd5a2499_0
  - libcxx=22.1.2=hf894667_0
  - libedit=3.1.20250104=pl5321hafb1f1b_0
  - libev=4.33=h93a5062_2
  - libexpat=2.8.0=h50f4ffc_0
  - libffi=3.4.8=hcfc0b96_2
  - libgettextpo=0.25.1=h493aca8_0
  - libiconv=1.18=h23cfdf5_2
  - libidn2=2.3.8=h9681e36_0
  - libintl=0.25.1=h493aca8_0
  - libmpdec=4.0.0=h80987f9_0
  - libnghttp2=1.68.1=h8f3e76b_0
  - libsqlite=3.52.0=h1b79a29_0
  - libssh2=1.11.1=h1590b86_0
  - libunistring=1.4.2=hd80fe18_0
  - libxml2=2.13.9=h528a072_0
  - libzlib=1.3.1=hb4cf58c_1
  - llvm-openmp=22.1.2=h4714345_0
  - mafft=7.526=h99b78c6_0
  - mpfr=4.2.2=h6bc93b0_0
  - ncbi-vdb=3.4.1=hfc726f9_0
  - ncurses=6.5=hee39554_0
  - openssl=3.6.2=hd24854e_0
  - packaging=26.0=py313hca03da5_0
  - pcre2=10.46=h1dacb4a_0
  - perl=5.32.1=7_h4614cfb_perl5
  - perl-archive-tar=3.06=pl5321hdfd78af_0
  - perl-carp=1.38=pl5321hdfd78af_4
  - perl-common-sense=3.75=pl5321hdfd78af_0
  - perl-compress-raw-bzip2=2.214=pl5321h2ddc596_0
  - perl-compress-raw-zlib=2.214=pl5321ha1c2b25_0
  - perl-encode=3.21=pl5321h5505292_1
  - perl-exporter=5.72=pl5321hdfd78af_2
  - perl-exporter-tiny=1.002002=pl5321hdfd78af_0
  - perl-extutils-makemaker=7.70=pl5321hd8ed1ab_0
  - perl-io-compress=2.216=pl5321haef7865_0
  - perl-io-zlib=1.15=pl5321hdfd78af_1
  - perl-json=4.11=pl5321hdfd78af_0
  - perl-json-xs=4.04=pl5321h4675bf2_0
  - perl-list-moreutils=0.430=pl5321hdfd78af_0
  - perl-list-moreutils-xs=0.430=pl5321hbdacb55_5
  - perl-parent=0.236=pl5321hdfd78af_2
  - perl-pathtools=3.75=pl5321hc71e825_2
  - perl-scalar-list-utils=1.70=pl5321h44e845a_0
  - perl-storable=3.15=pl5321hc71e825_2
  - perl-types-serialiser=1.01=pl5321hdfd78af_0
  - pip=26.0.1=pyhc872135_1
  - python=3.13.13=ha8cd034_100_cp313
  - python_abi=3.13=3_cp313
  - readline=8.3=h0b18652_0
  - rpsbproc=0.5.1=hf8bb5b5_0
  - setuptools=82.0.1=py313hca03da5_0
  - sqlite=3.51.2=h67002bf_0
  - tk=8.6.15=hcd8a7d5_0
  - tree=2.3.2=h84a0fba_0
  - tzdata=2026a=he532380_0
  - wget=1.25.0=hbc1a67d_2
  - wheel=0.46.3=py313hca03da5_0
  - xz=5.8.2=h8bbcb1d_0
  - zlib=1.3.1=hb4cf58c_1
  - zstd=1.5.7=hbf9d68e_6
  - pip:
      - biopython==1.87
      - click==8.3.3
      - numpy==2.4.4
      - pandas==3.0.3
      - primer3-py==2.3.0
      - python-dateutil==2.9.0.post0
      - six==1.17.0
      - tqdm==4.67.3
      - xlsxwriter==3.2.9
prefix: /opt/homebrew/Caskroom/miniconda/base/envs/microbiome
